449940
866510
303720
614910
392190
508290
439550
388390
603780
603750
603770
467530
525480
278440
497400
628340
406730
15540
271670
435790
227580
553830
282800
1103100
368000
413480
735580
581810
410110
342580
360640
360650
396800
491330
567800
529950
242820
599090
375460
422610
290970
627950
470060
334850
616750
440810
325470
255280
575880
388320
618720
270190
332710
576810
335190
330820
322110
607660
485580
444290
435100
462110
278530
675170
464360
259620
263360
466500
576390
504920
534910
535700
985760
279740
438450
431840
624910
206610
361630
329770
648580
534320
416700
502740
357200
414510
646270
368360
1012880
299660
578850
251570
617820
238930
1023740
289890
749250
370300
427250
287860
497850
531680
487040
382260
250420
526540
369420
284870
976390
1033420
503560
264280
258090
557040
250640
454320
371550
327410
437530
639720
281200
617430
316180
620080
578300
526890
503820
506560
456760
333970
577080
535460
229810
586670
467090
307570
449220
585190
253230
453300
434160
437250
397270
433600
389170
766280
449250
576160
461030
269630
510040
578720
523210
339460
752590
461380
347280
603530
454330
548840
625370
463480
392930
745960
578600
278360
500320
461340
545410
209330
207650
429580
280040
436220
460910
264460
294190
278550
386540
92300
315340
341750
102700
499890
222640
279480
551860
444790
478010
384920
550810
429950
340390
611860
277680
547040
518160
486880
461850
385200
555700
320140
348740
255070
348730
284710
384190
533480
672630
376410
390710
265170
562570
927270
502500
398150
450500
224540
398680
494820
410290
546610
611780
318020
1045520
382080
285820
431630
288040
483420
362410
400360
516570
457980
333300
366760
555760
3800
461830
346900
368830
374950
820730
369300
298890
465540
280320
576380
489930
563140
496690
300280
564280
365800
530520
543390
304670
331870
573660
247830
333530
592730
367780
618360
454750
617590
567040
386140
492760
224420
618310
344260
260130
237890
312790
374900
618950
402880
371710
454600
314970
221380
813780
1017900
105450
341150
351480
442500
639300
783590
599060
426970
266840
421060
369080
226840
718850
513460
345220
497580
304530
410130
410120
879420
398120
528180
876650
865090
449730
624430
573410
40400
438020
948740
829210
373680
390930
853380
223630
597030
508670
206500
595770
364630
445770
748610
387850
402210
369290
317250
474730
308380
453980
884260
291130
230310
333980
565660
487370
401330
530130
296850
375020
108710
377280
277520
368590
355860
761890
516890
543320
431450
326190
610670
406720
266940
365280
286300
593330
316030
513320
444280
523160
524850
569380
629540
391310
434240
562430
391250
485410
33100
211010
33120
541230
33110
514340
604830
628290
673190
459160
381640
1078510
368050
951940
598820
275060
442000
564940
514240
529500
504390
579230
513970
265870
405780
387840
323450
543770
357280
492430
308080
549260
291030
274310
363410
454900
604780
628750
552870
955900
315850
614460
348950
203290
934780
270880
673130
450110
631780
359390
446780
409380
558320
250620
410210
331510
289090
476920
369060
942580
390620
335460
354960
352780
390720
620590
349840
521790
734730
557580
345090
562210
249190
450860
494660
470480
537110
335900
383240
571880
650780
210550
237740
409660
502120
380750
542200
617420
703840
576470
638850
379610
591960
508230
581280
353980
395380
217690
327220
464440
916440
48240
375910
336510
401120
234900
877810
546780
236730
294750
251530
91200
252170
316390
521150
689910
888630
358030
338050
406080
522890
494000
219890
635010
621020
496650
489570
268200
739190
513530
505700
385020
339860
1044620
427980
375680
280740
626170
368800
596240
547470
365420
573130
208750
316140
467390
960980
357690
263880
340700
498380
269890
368890
440540
280160
910630
618030
370460
397870
550590
553880
304030
207230
587830
461480
530920
391210
325210
553180
361400
350550
570970
576280
577890
405440
385900
314360
342180
553780
739220
513810
468800
107410
224860
349690
340580
290340
586150
581000
273240
443110
420980
606950
390920
427930
736860
580890
293600
642560
558100
570090
388600
359440
443420
552030
525050
392920
329980
296930
595730
598230
370490
445420
332380
691690
475250
649950
362130
362140
362150
228880
507490
580320
448830
342250
386990
498580
812140
582160
551550
425150
354380
359610
359600
250110
751340
450290
612290
283680
307130
887060
444220
423870
406120
618630
542560
429690
346080
385530
357490
742520
524640
419700
393820
400020
412530
521280
402570
557780
432490
552620
619880
567370
568500
603100
533820
385070
454780
428200
357830
562520
392870
457770
268420
444130
368080
397160
466870
437890
458680
393920
348510
984800
423800
473520
521980
460780
351250
512260
329280
421890
484900
367240
691830
384630
273830
986800
286660
489580
555970
464820
453290
371450
626160
582810
204300
319830
432230
448910
332200
380570
370090
501190
932980
318100
565690
550440
517010
244750
928440
672590
388800
557860
516960
430170
458500
308040
395900
288220
327760
508200
448470
529000
551680
447950
415850
231720
517210
34900
393200
531910
588920
378480
269670
509860
516600
746620
257350
228280
485610
539350
508760
302490
296300
537860
493060
518620
473770
542740
575590
644310
259390
583890
644640
587810
423840
456170
699740
440340
332730
396390
605470
381900
269490
498030
371970
665270
463150
618140
511390
462060
567660
340150
336940
528990
310880
329690
553040
846200
486720
107100
486170
338180
35140
200260
208650
209000
267490
502820
489940
306640
365360
618510
451020
452570
356910
384980
614880
489700
404170
277490
302470
311060
316430
434500
340070
851930
211050
237470
238460
394230
411480
363680
573100
348400
296050
280930
285130
871990
459350
392060
306930
544610
432280
337730
637090
509600
312650
301650
624970
489900
460790
669950
352010
284160
549240
434220
395850
492630
783050
460210
447880
545150
562250
487030
461950
49600
618740
246800
231040
482120
566780
514090
372330
628560
261490
667690
491620
484930
104200
508950
365580
200910
568340
475550
761620
424830
351340
337630
654690
514780
243120
285070
267340
558600
429250
523610
356050
317510
463880
428100
297100
436410
464760
507030
348460
357120
933940
376560
388440
344850
509980
325160
566290
435800
377290
530940
895950
625820
238910
314200
317290
350600
409720
8870
409710
601870
447010
470470
401170
525700
433950
331440
856210
342020
666860
63700
205060
205080
205090
218060
63710
205070
405010
514660
462030
512450
448440
857500
400580
714080
582660
485160
370700
311800
362890
581300
585090
373240
507380
550650
308060
313140
716340
627410
409460
249650
314830
322680
209870
433350
508170
264480
576880
80350
80360
236930
80340
513370
446040
460750
9940
225600
421140
424760
461730
460560
774361
391140
339500
603330
1034900
1034910
391740
608540
453810
349260
586140
702890
263300
388750
294810
302710
585710
364830
239800
396350
416290
681660
406860
416110
235380
315070
613210
542730
345640
299360
302830
250340
433660
111800
263060
377660
596200
355310
434570
413710
236690
930780
386480
575950
588100
258220
382240
596440
260250
544870
304150
348020
6370
280600
3810
3820
281220
336420
838310
545250
336110
257750
579840
531960
449640
960090
444640
315060
446810
552000
399920
236010
522020
305380
439490
402340
362660
409280
501430
563340
414760
454060
378660
516010
343560
492220
314010
462250
612740
581620
521190
301500
604150
523090
537800
246920
473140
353190
475960
491080
620310
444160
313590
726360
412770
567130
449960
544190
450170
313470
605910
49520
261640
388080
289220
307170
613420
453730
302610
380920
619470
362350
330100
263040
491040
207690
363610
463030
735350
705020
243930
454070
371520
479150
512020
578310
543430
566220
315930
523790
355280
285800
391490
333880
613970
365680
529840
525590
291550
485630
266130
310890
460640
395980
739540
454480
470250
357320
523870
432940
738520
535400
342510
552100
335330
272490
684410
274500
368900
409920
401560
604140
274190
696370
232790
508840
366620
444480
262940
686900
576540
588070
434820
489260
451630
225260
542720
530550
426630
627910
564050
478210
385440
415900
375790
394490
557190
390290
461390
412670
544580
545060
696180
501590
436530
509850
354180
585860
446120
549810
446610
429780
567210
385830
555890
420660
269430
318480
443980
454080
349580
679260
324310
515180
397900
335220
474210
623320
545590
308270
492130
385030
451640
458410
883860
335660
461810
517770
386770
449200
427810
620580
629840
399810
251390
202990
212910
311210
209170
476600
3020
204450
485440
672680
575870
302670
418120
502940
316890
341500
457570
485650
533180
435360
358960
453790
420060
591630
474050
581980
230860
617710
275490
885150
638200
492200
527380
525070
264320
788970
533340
645630
689980
369360
352890
448480
271820
241300
361130
293260
486850
378030
360730
517110
536040
220460
565380
293010
282030
282010
505170
249380
228940
397860
522490
587420
635260
448350
722960
489360
353890
372970
386750
586470
508580
373360
304950
29800
339290
568370
704040
204360
531780
262960
635060
542350
582980
227860
431870
586520
384010
241410
343780
567250
384740
447890
574820
474980
593280
914710
592490
543420
352440
344130
544730
679750
451880
589320
421030
893180
329860
620220
336380
418960
634160
396870
371000
452060
363240
603420
462960
321830
578830
324730
263640
504230
575010
315860
380120
449060
619620
575140
355810
243300
528700
351300
251710
307600
374520
454380
765640
814540
536560
290830
220740
319050
620130
970570
401840
319450
405290
556870
428440
312200
616520
486640
886900
432190
592990
214610
459540
333220
526880
518060
575340
352050
348800
391560
489610
538410
449550
377460
301300
353090
635880
259360
259340
443630
590420
566270
490040
570500
558850
330020
563390
436290
550560
603010
437180
326520
604010
950740
275470
346850
348300
602700
219640
321190
359960
292570
618750
554330
529480
569970
431740
585750
456430
251130
408650
420180
205890
336280
341780
418310
603080
746840
341020
396850
613830
539660
269330
361890
711660
262590
535190
630870
710030
293680
390610
834740
390870
282760
485590
510830
487120
238870
539440
225420
313010
255710
258910
833270
493490
538840
726840
301840
412170
359250
308560
392120
304580
436270
584800
506260
252830
290530
379320
324160
416040
325870
602770
354310
981020
403900
541370
557810
363970
45500
658160
515200
501120
916050
581380
509210
224740
284830
72400
383800
377330
215830
72000
290710
559460
511250
262390
425720
439800
404180
326630
605250
794800
553330
604160
361200
357340
527450
408640
678960
464100
596380
583240
320540
546080
242780
264690
405040
595120
502540
541210
287340
289620
390910
444740
341030
366090
423720
431860
336840
594810
403780
485740
565640
375320
576820
464230
293320
336040
444870
665360
425040
356070
299260
449460
631540
228200
4560
231430
686680
486230
440900
487700
989690
313780
374150
458730
497350
400160
636310
303340
288260
784950
495570
489720
510550
619340
266450
612150
264240
251510
497080
289950
630060
602500
238430
409600
600330
241240
224460
439930
490910
318230
247020
386620
641320
514580
582620
349250
414920
284410
624780
496260
531730
562480
251270
940310
824830
778390
778400
446030
349140
209670
375620
310460
496980
473560
420850
629380
385630
256460
427240
293240
445880
320340
370920
333420
115100
275180
545320
936490
273110
730
451600
341380
394270
362940
624710
603570
595440
384300
328680
539450
554530
361550
546350
248390
517970
527790
636700
731490
343440
535690
514920
508980
340450
391730
293780
462860
341510
610780
491170
448460
18400
351920
570910
555620
484890
393460
292200
529420
355080
621050
454180
280520
280790
529240
356450
450440
341710
351050
465170
409850
616360
631010
655770
740260
606960
497560
566750
262830
285440
599750
546380
467790
310490
412620
820770
384000
415400
368340
369370
331690
386180
558490
511430
339590
527710
294370
424010
381140
203770
402840
459820
406850
873940
829590
247080
528730
603360
454430
473740
499580
496590
447700
415890
551840
344860
340250
306410
981750
107310
440760
450850
760800
562650
581690
567280
228440
500100
335550
349500
451100
448260
580590
340280
636400
620340
511160
617240
718670
351860
268910
1045080
358130
335450
365120
431260
534290
758320
360550
643960
512550
307620
458700
404700
305820
479260
339710
454690
600440
580680
415080
632350
636150
514460
462000
462370
302650
363430
670160
497470
358090
510590
542290
386390
490980
767390
638930
370170
450020
251170
543720
452410
1088650
394260
430020
303850
1100970
321290
381610
413420
555950
567640
413410
575770
494460
575130
450950
559200
490940
377870
225360
560720
284730
267790
368650
555920
665180
46750
349450
370870
333730
597730
394280
266470
251410
578320
601420
499110
499100
465890
453390
499120
496030
533040
611140
583660
453690
726950
293880
280640
374320
395150
532290
601530
634180
358480
292370
262060
654300
689900
547710
528120
332790
257050
710920
388410
606280
462780
274520
433550
404850
586160
490860
461230
329000
311860
331790
1047440
301380
449820
346180
593850
427570
364700
520820
532090
423550
300
447820
388210
242800
230840
513150
842100
412730
501850
468570
363930
467060
303390
384840
381210
588650
613200
286040
394760
518280
211800
384310
573120
554900
91310
383150
216250
383180
222900
262450
667890
222980
427190
45740
45770
265550
543460
366400
239840
339190
438030
614090
394970
277950
231330
211400
320150
264730
587790
740080
564100
513540
247660
344750
354730
285420
337040
327150
572170
982270
453850
488250
409730
990050
340770
607700
359300
338760
252610
326150
471810
444880
375040
356650
521920
502100
705120
553820
314180
402120
310510
463870
339720
466240
1016730
496290
325090
548430
698640
493650
639790
859680
639780
868980
872130
601980
603150
438090
374830
457450
357780
218410
431000
317330
221540
18500
534010
537200
233110
224600
426170
359350
809880
760620
340330
343830
343820
773670
540610
428660
587540
379520
63800
559450
217100
451570
470240
338810
245470
367350
380790
465720
527420
762520
330990
921530
454610
422510
578900
1107370
215630
370940
214340
421050
292910
762650
274940
248530
636320
252570
355690
448520
681280
360950
324420
844050
389840
226620
671510
563120
368990
699920
542710
497940
447170
323020
619520
390030
436230
297290
792040
556060
272600
503980
504380
586480
555220
92100
555450
238010
337000
258180
455300
614900
601150
631510
329050
1016600
279580
407510
388870
354230
269650
552780
284220
715010
505400
436500
318090
861540
585500
537090
606000
551050
433170
277870
503340
315460
593070
537180
1042550
473840
446790
394430
564750
217290
70000
248330
423900
449280
506730
401190
464070
314760
657730
321040
421020
310560
333930
431200
632470
371120
432180
330670
495280
803600
405900
485360
403640
343270
245300
301980
286880
316260
322080
556240
341980
615970
366180
921590
233610
569610
335830
743390
395170
635200
617620
244730
252130
606300
348540
300040
243950
230230
435150
373420
315640
230050
220440
658850
509920
725370
268830
350630
464450
254300
578690
286240
507050
219700
565180
967250
280850
534680
455960
340340
535230
270310
457480
533170
603350
501840
611760
328590
334350
533950
710610
219740
322330
639450
380690
617660
702670
527470
608760
348360
625430
538060
431640
598940
479310
379720
318130
361040
558810
248610
686200
416200
395350
383930
248470
311250
965230
474810
570
521130
391300
252350
314150
402590
589670
601180
334040
364390
371400
506900
388540
409160
296590
396790
356330
678950
323470
562840
593740
603380
328000
327980
673940
540860
508190
1072420
574050
742120
498190
381990
1062040
367500
259020
657860
399070
351150
635730
425820
263500
499510
248650
403180
664180
448610
588630
418270
577380
433360
51060
567240
502140
835860
269790
418950
229580
488550
654880
532030
408440
335820
215790
603090
443570
237850
296870
602200
271990
661280
1129010
346200
447920
431830
1070580
322750
514970
334840
355760
438340
581370
314330
219200
612600
556130
517660
528170
572520
274480
552390
954650
609170
617680
209060
456830
290000
456780
312530
619330
503580
491110
512700
237630
654990
825310
574560
688430
612010
291410
292600
472420
434050
225140
567580
597040
403940
355100
598470
65800
302270
236110
454100
495910
494090
229520
353340
485490
271760
581210
823610
302310
340030
249050
463220
503140
429620
383230
355980
698540
209390
218130
288120
262280
493900
98800
303510
388620
462200
753420
568200
335690
519860
317970
911220
766630
236090
367110
65300
341730
553690
600460
252430
335100
562330
367260
442140
503550
239140
766370
699700
467220
527810
493180
968790
730310
525600
303410
234920
516580
485820
382420
91700
477730
232050
408250
253860
253880
1900
410320
574200
1007040
1039890
387060
437870
324450
494600
415590
761030
258030
358070
354950
356550
356560
356540
612250
403560
606690
311080
311100
290140
305780
432110
354740
511320
585990
345330
315810
269190
635000
238240
489070
219910
255320
413040
473710
214550
363790
646500
434890
553760
528820
691770
509840
257670
298160
252630
514810
812020
360850
475060
244870
235820
432290
343390
448640
340650
528670
513860
370690
251310
411300
494700
704690
576400
711990
420670
621090
514620
738020
291960
618710
587570
558230
593410
504980
430080
527490
339580
374670
457600
735280
501050
417860
523780
291690
593490
436140
377900
530630
412250
629030
416450
635670
496630
464670
921800
253980
500980
699780
504000
618610
289130
536340
208140
392110
617690
428430
618260
339570
285840
375010
415960
513600
318220
627820
494100
284770
495110
284750
377470
263520
311690
255500
570350
350070
447970
448940
453960
321330
382050
333690
335920
334030
265610
432350
408930
414730
391280
612430
392940
517720
540370
1012630
244590
398850
270510
300760
459100
412130
548270
583030
493480
559990
392690
261700
553000
226560
670930
850450
391650
524680
504410
404810
857080
251370
255340
508940
363490
552980
591350
486120
467370
628860
448380
440450
607440
552060
488070
378770
560220
423920
531640
377880
317780
601790
528010
374240
664090
714250
266330
265950
214570
428980
245370
398180
559350
227300
25800
236850
299250
8500
688480
265470
955560
470260
510650
677020
616030
406870
576500
33680
396750
582270
594640
896160
412520
619890
680860
973060
300360
701540
611350
484950
562490
263820
398170
71000
391820
495090
510840
273350
295990
207370
207380
207400
759940
357030
489240
382130
788270
505740
537280
511340
535000
459760
410470
529130
237430
445190
463040
569870
383590
373620
532660
501030
334100
582260
223650
223670
226580
286570
391040
288470
469830
489660
320790
497260
364050
244690
274920
558340
514290
464110
259720
397060
38600
303790
282880
312840
409350
352120
434230
321350
214590
347830
524580
403510
429600
555940
493760
334300
429530
429520
467010
633950
570890
228260
612820
548950
791330
325790
621150
307090
645690
514470
514480
386690
959520
1025440
482890
390560
787400
656120
552520
371660
233270
594730
389860
609320
364200
504670
352430
296220
391000
395930
361930
511330
495560
673950
678900
467430
313160
447020
787860
220260
277500
463110
398970
640990
502070
633110
325860
516790
449690
620210
246840
379530
511680
622220
303690
303680
276890
370780
523900
602790
401820
460940
286260
344770
569840
546900
428350
819500
570550
282100
545040
492660
538100
424260
415240
327060
575920
919410
699170
585550
294460
542660
585790
342650
391340
549190
699670
558450
503620
552900
410590
538920
612930
574810
631530
250560
628840
362810
871200
856880
496340
556090
493540
533010
348820
638720
576800
556250
459830
337420
233190
239120
312750
346830
377840
340170
382890
382900
1026680
359870
595520
292120
292140
637650
512640
540020
263480
291330
555060
576020
444410
352140
481600
337340
259600
367000
585560
532700
325520
535160
458750
227700
396530
383870
615180
733460
587000
564210
501080
321110
939760
238630
409070
372830
575670
492870
387010
601570
456160
611530
586020
575090
345080
399640
599480
405970
512740
402130
585430
341760
383580
405610
389280
569330
638680
401710
626660
595460
371390
434530
260330
606480
673060
384030
966330
546070
290990
311680
858940
452440
578260
619400
1038740
380100
508180
350500
490820
517860
223730
415530
300620
519870
365810
574080
516410
207890
231670
378120
482730
624090
872790
1100600
375530
263740
497100
576740
304390
527230
751780
434610
368980
568570
249990
315080
616620
223390
461910
363980
510220
391240
453770
457490
542050
408520
510240
580040
314700
343930
352070
415180
334210
844920
45400
45450
254200
333250
466350
778610
253290
244810
503400
483820
476930
499560
377760
720280
844930
566180
388900
310380
424040
428540
479140
362680
333830
299890
465660
595420
501760
347430
503150
622370
294530
283940
301200
301190
453100
487220
364640
395400
262770
248310
400130
773951
339610
568810
390210
554150
550840
513840
795100
438740
520290
588240
485120
568490
582920
673210
490950
323190
733800
565880
357480
257890
98200
328600
575700
597110
212680
356100
643810
264060
416600
225280
228360
429220
563810
497720
383750
470140
589370
423230
1045050
539340
265400
319170
377670
407420
593340
403740
262000
458380
505080
678520
511740
473510
356790
249610
226860
556110
513960
392050
322540
587440
555850
388550
424850
300580
509390
411120
461580
560250
581050
349790
525330
921710
201040
399670
239820
391400
663130
273770
404640
373630
610750
419990
347620
878580
840010
346210
418160
614530
4000
243800
596620
334290
916730
258970
782690
486890
214420
285110
301480
526250
1097840
370560
546170
565200
370590
491160
296490
80310
216130
429280
329110
522080
321060
1076920
308600
485640
1065260
253570
488890
513480
355190
322170
557680
428490
455100
605220
299950
260410
393950
500940
604900
605190
463270
353070
599560
369200
505110
496990
280540
545800
559250
522340
568460
280890
352900
223220
246960
451080
402750
914020
448320
454410
415910
327690
278930
556260
409520
372750
880510
332400
263460
527990
577580
385880
834150
511470
935880
786580
610250
565020
264260
475470
625700
521000
549790
327070
341120
516450
592120
486340
290510
415830
449170
546200
406220
224500
371460
545580
216090
487270
251870
579010
555000
265930
335840
557790
551580
416310
389190
619220
346730
512600
625860
438490
899440
460870
262750
227480
467320
1038810
466580
488730
274290
421740
398830
671260
556000
609100
319230
308000
451340
497800
614550
531490
575970
817510
363520
265330
384990
232430
507390
437570
506830
397620
416270
460660
431270
505440
602990
770810
358830
241910
647410
426040
618690
253920
557600
335090
206210
491700
510380
546410
685420
575450
373140
346340
663090
310470
304270
340440
449530
330390
471570
268320
589420
430230
331200
41800
344840
403300
558260
450760
599140
504240
247310
355150
312980
267060
491000
374140
454970
420370
511960
549100
1034700
747360
260570
629440
671170
935270
319270
606880
471700
599100
589770
432990
359260
493980
536410
369990
290790
605230
44350
255220
371210
553950
396890
219990
316790
279800
458470
284850
510730
265380
252150
809280
607040
335430
858100
327680
396900
606510
606520
658530
761670
871280
461520
739000
744060
372490
540310
376250
267730
323320
426790
603290
358650
415000
534550
214770
275390
563910
463680
111900
407840
385080
460340
317820
437000
267900
314030
520440
376300
348550
259640
407100
559900
568130
606050
691320
488280
267920
239450
491710
391420
348240
241720
892210
907250
568840
280010
371510
206190
375170
209080
446150
685690
264300
322210
525510
416670
371890
340750
620190
1085180
349950
242720
418360
322290
537340
365020
293220
631910
521830
299340
438910
207430
444350
526740
602890
70100
365450
622770
508530
552160
376240
508540
405240
733340
589530
651660
371200
434730
914260
240970
220
679990
253150
425650
547090
622820
459220
277430
976730
42140
222160
239070
266510
456670
648430
657200
384320
508990
603120
544790
542280
550010
545560
246280
407810
431560
285500
286830
286810
307670
942800
746580
493730
321980
574850
525610
359810
421660
338890
649790
585900
772070
287020
492290
893050
342130
428760
514540
310080
377080
341940
707300
270630
260550
271290
368970
319150
485310
340000
680980
621010
797410
598490
546490
476420
844660
605990
494230
326840
984560
567380
502300
603210
555410
25890
394360
347330
595260
268130
611230
427970
905340
476480
360970
400250
422100
491730
441020
554770
297120
305980
385600
416020
331360
344300
1072150
308173
227060
302950
305480
305490
482990
334070
293420
418190
259320
433530
681330
575550
628710
586530
524340
414340
540690
618120
588210
760890
568650
783120
521890
575000
1067720
524970
566880
704550
1084400
1147510
1003520
878750
1113680
1146950
963690
1004240
927890
873240
1109360
993740
1035610
857440
914690
383970
368370
380810
409290
271970
580560
463000
423620
295590
443260
259550
346560
772430
453820
269210
482920
413110
375440
306950
342530
314470
588890
568670
509560
677120
347590
278590
359280
439880
365890
356130
291190
492500
537990
283880
409040
410380
602830
603860
236490
785890
495780
680390
435400
448400
347610
346140
816490
352580
377140
489470
480430
434880
710760
362610
268340
415670
398100
451760
488330
310360
410890
472870
526490
577480
668350
464960
979330
586450
501940
603000
554290
603740
417310
374280
342570
318680
423760
341890
427820
203140
236870
863550
251210
468330
295670
623940
418040
512560
617270
586790
572760
576700
367520
497710
422860
370770
544680
830590
363600
505730
664320
728730
215670
467960
355970
645790
223100
244910
244160
281610
523680
367580
515910
485690
437390
568450
236130
389140
326120
576440
428210
567270
715580
503370
371410
267980
382560
561420
253390
609180
601010
416170
219150
613100
286500
302120
353550
419810
486810
611790
488580
504500
545470
380220
881560
635790
1106940
518130
250400
360170
360150
365350
368640
576290
512070
410370
342500
477160
271640
595480
581740
513560
586970
426000
339800
594650
479110
318570
585080
503240
393420
379990
449500
553960
622670
411540
381220
407940
515470
556050
597150
257850
415480
282900
351710
353270
387340
402390
342610
444270
354040
349020
565390
346510
495230
343430
844590
461880
399530
327890
454570
441830
498500
335700
399600
346090
587430
291090
1117630
575820
976010
245390
529450
942850
1100800
270410
560080
615490
597990
339700
307230
512770
452340
95400
375000
393430
334260
577150
575570
321800
553640
300300
393520
375400
680480
627690
418910
884090
577730
858060
580910
345750
377710
377720
326480
923810
366040
489020
253750
511120
307960
334710
518650
559310
280720
265670
562690
298360
344190
595140
369440
348670
468000
859580
374460
406670
485860
434310
540100
436300
388420
509570
344880
361830
359450
242840
563270
491010
345540
380550
396030
391660
348530
283390
567200
572580
435040
549670
549740
207080
291930
384080
526390
444720
385950
666570
269310
554670
433450
555570
204530
300570
583490
345520
302290
446550
269990
543180
412230
555670
279920
448750
448790
374050
692100
274980
246980
251110
348980
904310
242700
627270
385710
690120
634120
522220
575780
559130
347000
453830
398140
241620
450060
393530
335950
404860
357720
333120
592890
467000
783170
326720
373080
222880
581320
237760
518670
351490
563150
356420
278910
650220
630690
520530
502150
363360
573490
280360
590380
266050
342350
360510
420270
513510
562640
495720
397980
423710
578250
515310
395580
432980
496870
482300
502090
243970
620940
375750
627070
324070
41730
287120
807120
557260
907470
418640
548680
306700
461690
931280
431750
224900
262080
562340
618760
643980
327670
226960
414260
397020
866190
448370
333510
857450
375850
428180
414060
516870
555080
342620
520520
330620
434210
399090
935360
582580
568890
241320
395620
586250
462070
388970
496450
257690
513930
12340
220900
253960
607270
454040
552580
57740
215930
256010
218450
339640
446020
314460
555640
617610
610840
524940
250260
488210
392680
441670
347410
438660
618070
314250
586060
385270
405550
262260
370270
454460
448280
386420
229890
242110
279440
346040
590780
485790
270810
323580
261680
255300
1032790
371440
382120
617440
581820
352080
455980
300840
458900
816020
581010
581060
575710
537360
582430
544310
414190
516120
648350
467330
225540
517630
488660
338190
527760
561770
640210
531510
295110
654050
540120
475220
461490
431930
352760
333210
233230
571520
989580
397210
1048540
487430
745850
424640
347670
485660
394700
677730
611160
602480
848350
460950
370910
575890
567160
600530
472830
347040
356200
643200
575730
376520
234270
233860
220200
292500
613250
338110
312720
467380
343710
360450
359140
304170
255370
526460
382300
922500
293940
698720
420070
241760
473810
589430
261110
663670
382330
1250
232090
407560
686190
380660
910490
433400
475430
459520
589590
402620
227160
219830
712840
556340
391600
525450
678190
517470
576690
352220
615020
203350
466730
834390
379430
246420
458710
816340
227180
253190
368230
496300
330000
436560
428460
316930
525290
399230
434360
500580
519200
416870
285740
428950
461140
412660
403590
499440
371300
409420
328650
389430
294000
587460
476240
253900
562290
231740
310060
254060
250380
575990
248190
381870
543930
364930
452420
795510
520910
574590
539750
399820
562760
896750
375030
541100
42170
439350
457940
285980
609940
329790
280500
635800
270330
513000
1020820
386290
373180
632200
860620
844870
578930
464080
529580
436490
264360
230700
412310
566540
391520
278570
391260
397500
391180
546160
361990
434680
586340
603030
761460
545350
794270
617030
467560
522130
581100
487630
314380
289690
540840
493710
452920
502700
496120
323040
569760
635320
1015090
543650
376450
551520
407680
266230
448170
384910
370710
434920
458420
607020
625120
331980
262210
506540
509620
463620
608560
453720
355530
443450
584980
350280
391720
1029890
341290
511820
491060
363420
560710
438270
759440
554600
589870
589850
444520
471270
569800
569810
585840
550
714370
417750
284890
417400
389850
443250
412380
238280
251730
595560
634340
313810
543140
676090
469980
438920
234980
403200
246760
371530
399040
482330
604040
311770
556740
765870
300340
563250
415490
527460
794600
575490
268260
397820
739980
509240
261180
553310
532270
407780
580570
359230
328730
373970
431290
549900
328270
504750
348450
604170
261760
434740
994040
373770
527480
250050
290080
414080
532210
554620
319630
585290
527820
402220
410340
271730
569570
335560
416830
444530
680400
415990
345350
604000
491240
495820
266490
364270
383520
370040
250030
628460
575650
507270
436520
428900
373700
497670
458540
880400
454030
388720
596590
370130
448690
494160
562050
335670
582960
463470
574720
555290
635940
352210
571870
390310
610120
714120
424200
424840
262690
510520
575050
448500
710470
349300
597840
251230
463100
208090
916060
490080
431990
352130
628660
464040
290020
308360
573060
436060
627350
518800
633880
429020
510540
251990
563710
294040
411680
341470
523760
443880
587390
349460
522610
230650
404070
246940
265300
296570
593960
257970
578180
434390
434650
520680
522010
626600
563840
574270
740090
536780
395560
345280
381170
520850
963710
528090
291430
406090
282640
372320
226720
266150
334280
501480
525240
420520
556960
447780
447800
398480
269270
350490
353330
849740
459130
1006250
444460
453910
445800
559610
891510
555650
354290
939400
871420
547340
938270
626510
298600
1019590
252110
576770
405950
575470
283060
581860
218640
364230
296830
513290
454540
404030
430960
879510
487580
233150
812840
545860
360840
346780
364660
345480
457590
361600
330660
331400
208600
553800
233510
412600
523650
595660
341950
513820
266010
555280
496510
712060
212200
384950
568040
58230
555510
383960
40700
428530
546930
485390
452860
485370
608390
584100
586170
619730
483980
558610
234140
407880
555930
453270
513610
360430
596170
432470
270610
956600
529660
446600
213850
255420
575750
316010
442890
454870
614660
292480
384940
211340
366780
548320
521510
656970
397360
284180
42910
238370
202090
319250
463240
477290
296510
344410
536470
343020
485750
320400
912370
500570
462220
491580
567140
338060
379960
503480
542690
454950
284140
264340
417990
475490
588730
515040
357900
600600
46770
279140
511490
318860
592340
443330
344240
1148150
630720
335200
530510
548930
504130
342280
216150
560380
289600
346810
338120
370510
409390
368310
807140
742460
535840
374640
227760
458000
234310
417480
447860
214560
860950
423810
416070
394840
543790
232750
618080
515890
226320
333260
511670
588620
837610
562670
555750
603130
434250
554800
396310
459090
566530
246110
399130
595550
298050
803040
251850
331190
606890
644570
470440
257710
531240
416360
511630
513680
347470
391390
417110
327650
450190
496670
252970
220860
486310
320120
734920
420900
335940
476710
268240
384680
645290
288100
273960
522090
499660
383030
624560
312510
742300
363440
495050
743890
743900
613130
630360
460120
774511
422650
606030
485080
534210
496810
390330
449180
321150
270210
437550
268220
459020
411370
723090
437030
467940
430410
243200
307070
473460
386970
244450
773430
535910
218820
294020
527750
397770
265120
451400
885940
561340
567730
408280
467850
564080
499950
512200
302690
32200
287700
299840
366250
250180
312610
418210
581130
820630
569290
454680
550900
286690
356640
662320
412020
994890
43160
287390
313130
671390
753220
576030
513580
535850
386260
529870
557400
561740
241930
356190
431460
546980
370640
412150
452120
494290
336520
321960
256410
349550
774651
314710
575720
350210
366970
332700
473480
485570
421260
280140
298820
298830
298840
298850
294230
989550
595270
332580
444770
618170
448560
296070
363330
498660
450740
446850
444260
402850
426190
585780
354620
473630
586880
485670
468320
649900
454420
287980
209520
481870
508930
449420
494170
416350
508520
385490
503180
448550
585690
914700
521930
308520
214190
489520
380000
566200
609490
940910
577490
521100
496660
395140
995460
368420
644560
1007350
365880
231310
620530
691450
299740
1101450
461280
395520
617170
417920
573210
480410
263620
525690
1104660
361950
437060
475620
338980
565110
504730
536930
593290
678970
785840
623670
264520
638160
984750
1014440
387870
602120
462130
302790
428550
800180
491560
113020
392780
533540
758090
831660
265830
603960
562810
449610
711750
882020
396400
582010
336250
226740
415300
743450
493700
409370
496620
464740
297590
502230
469720
526790
369310
296710
258950
495890
586400
376730
432610
573300
398460
496500
320040
397580
254880
332410
612670
434410
606150
525660
511540
1012840
471160
461780
629760
276810
611050
500790
339130
410430
314020
976310
307780
287920
581470
585220
377980
547390
567150
575900
361300
802730
574090
417430
470590
355130
561610
775900
984780
303830
415200
22100
48700
48720
296470
313340
394680
599630
563330
563320
587050
252750
457520
969020
323850
331610
529160
618490
489140
264220
511350
543270
574690
530540
507010
475990
383690
874240
675010
389870
466920
712180
623640
533860
568780
281750
392030
865060
274900
544140
233290
638070
267360
377860
243160
222180
431250
457730
730410
893030
498830
561450
247370
760060
384280
669050
449830
889700
488690
1018160
798290
400800
561600
962970
389700
855640
494470
312970
526290
799240
694130
748360
580170
651500
434260
601650
437100
603250
557830
447180
516750
575460
666140
435600
51010
589470
662960
368700
409000
344790
368880
567170
498050
431510
497020
615340
454770
415840
908070
448150
332610
366380
458480
325320
288670
842810
230270
377480
270090
503430
364840
1092000
485430
810670
337930
751450
622320
449120
518100
389200
621220
426690
914110
366870
491720
225220
581200
39800
332780
545400
4920
857940
922100
297080
338540
427610
490890
327560
368750
632020
384490
607400
613730
490930
448290
432100
467680
446760
588710
592270
407310
828580
1129250
342880
969700
899970
758230
746650
385800
333600
420110
602520
246400
528950
317320
355240
248860
503420
556010
428750
433910
454200
556280
468490
505210
463550
310740
485920
548280
382070
614960
606860
628950
556780
1037590
400450
430070
295790
534980
555320
575840
253330
342260
109600
704450
570790
738530
375510
462570
462580
511140
581220
404540
624690
667810
628420
798460
589360
440650
572660
581350
307190
94400
535520
524220
351100
446910
528080
348870
604200
301050
509910
338340
427660
360880
606190
571910
597860
414470
284790
284810
259740
509930
493780
512180
360390
548480
576410
252670
296550
454130
259780
471550
603790
1094930
453880
319470
405540
552610
485450
585830
779330
385230
387880
485510
544390
482450
625320
224260
367020
616880
444800
227280
368730
397940
829660
358080
572010
1097420
370440
375450
288390
392470
628890
377070
756500
299780
207530
455970
226100
378370
371010
633130
496550
400370
461890
546450
466560
307010
283290
200110
550470
274270
568440
257120
733790
366610
325120
435460
369580
325370
386590
681730
394250
310110
545030
540900
17710
399580
242680
448250
588080
581640
485040
401290
431680
307350
415420
378100
572300
363270
554220
400410
473900
568190
306760
346970
368740
306440
551100
323490
314290
589440
514900
339200
434660
537700
224480
525620
921570
319480
15700
15740
314660
455940
645820
348960
485600
302590
785780
556230
622170
394870
508220
494450
626010
533910
211360
271240
517780
365170
522740
319760
513980
421810
575330
376480
588970
611980
655100
353630
587620
400180
286320
564990
581270
478020
398030
658320
582480
295910
1163600
575740
683280
680340
668590
455820
208520
259870
529100
415740
622890
341090
277700
555430
360590
553790
492610
321030
465180
770100
588110
387070
980300
404630
460150
365070
415030
356890
535630
339900
549860
425220
331600
755500
476410
548350
621530
463250
394830
266210
388490
451830
602910
856370
446390
732110
420530
360990
954610
252010
310850
761600
987720
434980
581610
551170
511800
542650
370620
399910
257990
370660
585180
301610
398810
541450
546660
395550
446050
584780
639270
407740
435420
528740
504400
742250
457680
586620
576310
432950
356380
506670
298520
514650
572480
544180
615610
374990
475240
201790
427270
502200
312450
368790
365310
233740
261570
357310
448570
596740
381260
104900
549700
491950
633060
320520
471260
363500
774091
402980
337270
649810
712050
788130
434490
307430
543780
576050
376310
312630
262790
703700
423770
360040
562600
327090
272670
333820
402430
465650
619290
831980
263980
334420
514990
644480
811720
618970
336610
441870
305050
238320
414700
351060
457820
620240
532900
794260
273500
596390
406210
396860
330470
293180
448510
728880
413830
495680
402310
25000
477980
518720
717690
448850
306670
297740
343100
785880
597700
547140
115800
388880
526350
303290
622920
455400
441380
610610
389670
11250
11260
468060
576560
603890
214870
385250
508730
542930
292780
283960
559870
612370
444090
377190
574860
471920
562660
415150
418670
562410
240320
589170
513880
379980
962470
283040
263560
447310
916900
339690
239030
600370
412370
456980
545670
250580
246300
407750
268810
316080
289400
591460
453090
496600
295690
343360
259470
356570
572430
513330
212700
452320
353990
582550
486690
568750
378410
528250
238960
513440
480640
640820
505230
384110
546430
557770
434000
218620
24240
548500
621060
314770
588690
552200
552210
1048100
307590
11280
490990
237570
618190
487590
573080
540740
427780
536490
787040
349540
347710
289440
575630
223410
621080
543940
455110
378930
354920
390520
468930
342550
409870
329490
559100
587920
1054550
764510
610930
445870
441280
386080
545570
556160
621880
332480
787480
431650
541380
473730
625950
497190
485620
734750
461040
820030
568320
435490
339090
454670
496530
582280
572890
611960
1049280
371900
291650
560130
427770
555100
238260
514570
288880
363580
509960
516480
331480
605530
370120
553410
487350
355120
291860
305740
569360
293900
601200
330180
466790
618570
263080
492340
365900
386600
370480
542400
338320
648120
264140
350810
344230
490510
504880
355920
455690
359340
351030
284950
285010
638690
622870
371690
367300
342970
636040
608630
351170
105800
243780
255870
332330
438000
497420
567940
631770
588160
375250
246620
622080
449300
461940
562360
466300
289420
389250
485030
324060
385380
493340
417980
492170
237870
504050
602170
350970
408110
599840
523060
291050
703080
623080
233250
403190
590870
218510
218230
542550
421040
421880
365440
485700
264540
527550
307340
319180
725780
534960
346630
613450
529590
354240
339110
347440
623580
462620
401810
303840
442290
407720
680310
441050
315430
378800
458630
595320
367450
368180
531530
529900
379420
450650
444490
332620
369000
405640
243280
254440
314000
497240
522240
305800
607680
485560
352620
535490
431220
399000
205610
620
539360
361850
91900
462240
275080
232770
223470
401680
697440
509770
328500
453130
559960
368710
312640
201210
511380
461620
466780
332830
434110
616240
402330
224220
425240
292620
393980
565720
595090
480490
465520
215470
321360
538790
647530
693700
235340
235360
429540
227000
546150
1083880
352740
444190
344630
632710
466490
383710
523000
650110
724250
583040
545830
522040
407900
702210
414290
718090
585770
490220
233450
673600
436390
463520
347060
255260
322850
408760
525920
704230
263420
266250
591370
316240
545230
453700
552410
305940
234630
378860
357650
634230
465670
389040
437880
423580
868360
333860
257030
601340
424000
455710
454890
388660
290320
108600
543170
575760
608830
431850
624680
384180
317610
399120
386050
346760
398070
587070
528860
608660
301680
568860
386560
630790
522880
431910
3830
788690
222140
499900
438010
280460
394310
500590
322600
300630
534370
552190
322950
300610
473470
576120
483960
585720
308440
719750
378270
567060
294660
294670
489110
971620
546050
402170
448720
539460
463710
552110
554660
578430
631220
576590
620650
489890
487600
553660
462770
324170
434620
393750
285960
359100
296030
252550
618470
654900
757330
304460
316600
500340
282440
577320
474960
375770
317440
415980
421870
509000
575580
524200
558790
589690
1089660
390200
1058130
490100
512790
264560
487000
270050
320610
286120
399270
506470
237590
991600
283660
490300
623810
400910
448630
466210
355010
253030
336030
539640
292380
211500
378080
722560
805660
613850
307940
301750
486150
871530
509990
355410
562460
592390
556990
449630
466480
279520
554310
384200
215100
250740
660330
414740
315670
323460
340860
797400
503940
414370
473540
386880
559210
454390
514530
454720
274130
534560
314410
314810
495740
547520
596950
347510
610380
96300
281130
365480
421600
386110
340830
539720
381750
510680
782140
788050
248290
636170
364720
296770
573680
281370
253470
201570
610080
200210
267670
270750
270760
288860
244430
553260
329130
970960
1088790
448620
533890
517190
257170
510360
740550
413540
497780
425160
294830
594050
364900
443360
546220
415610
613790
591560
667720
20500
384660
419500
364480
428860
357290
610960
448070
381880
491130
541240
447290
330880
390880
364910
536990
305760
517710
541720
353080
367430
501800
298380
476020
281860
435970
406150
464150
351090
680360
661940
355350
344760
398110
286200
474750
717640
543360
382490
679400
569490
542430
228300
368450
995240
617290
466830
360010
590590
578390
633360
867490
431810
496400
296970
605100
448010
333490
496890
461760
556120
550890
289780
339210
809720
476880
403090
403100
416320
551080
585010
491650
463460
514710
304240
339340
883710
254700
21690
221040
418370
222480
287290
265790
429490
525630
212050
645730
398940
582290
569540
364960
529920
418280
339470
463440
204630
222660
227800
382920
357370
594320
222730
443680
491020
93200
596690
324270
900270
413580
270570
281060
387090
274560
412760
313400
288020
636450
548370
433210
301540
614030
279260
469610
369890
500870
477770
759740
345660
552370
442080
492600
351990
39120
605510
493200
312600
258010
579150
659460
601240
616000
257790
443860
347290
671440
629220
748940
287450
485950
391220
217140
227020
328080
386350
40300
40390
249230
498840
452450
467120
418460
35450
248820
439910
383980
278100
544630
422810
326340
459370
346130
457710
293740
300380
346500
437730
595640
436360
301520
600210
420970
393600
490880
284200
270450
628400
580820
389460
330350
657090
285090
334140
438480
298790
410840
22230
434460
328640
439530
413500
252950
460190
471730
861920
627670
470210
215510
289760
593680
221680
508600
528460
357700
453660
650940
241600
393790
595780
467310
513250
396090
299480
529490
600310
492410
462440
461010
282560
470490
262470
371280
371670
606370
952540
4760
471170
299440
314590
575830
467720
317300
304500
331460
592330
503390
393610
438130
543240
550310
598440
576750
564150
564160
603220
303430
337210
291170
439920
615090
295550
628520
363890
220700
372800
314240
492150
389810
416550
531740
365750
516430
464060
566550
366920
348160
723270
629280
325150
409560
644100
489730
615080
464650
306550
330450
808290
542030
102200
339400
463670
440550
615010
516130
496320
605520
270150
584220
542570
234490
435140
449520
438320
805940
566990
390970
1070330
610660
762610
527770
563510
252490
351140
435120
744190
532110
418340
494120
567600
269690
420500
302510
657280
375840
286940
888790
717850
344440
560760
704360
247950
544650
636230
497700
686720
552920
348710
206420
301910
55230
555880
691150
575510
342380
377680
407980
383080
733740
407330
375200
581520
935070
968950
749520
983150
539670
813700
421700
517000
521500
313740
402180
541570
512230
327860
283640
656090
618840
449680
421120
341270
371320
342740
503220
328760
210770
548710
227220
1009450
467710
571020
564420
497590
631830
480780
203990
268870
567780
429350
263320
366440
259530
428110
535260
509220
1016720
428830
566670
596810
423740
314450
557880
575620
378750
1122720
577280
444440
370050
615350
513300
342240
321920
813540
301990
573040
295490
567220
438310
574030
385980
369390
227560
465760
301970
464350
548130
351450
395940
218680
249870
513710
718560
728530
223330
583090
312240
320630
320650
320670
370280
366320
592550
355060
372740
599990
613010
859570
396160
637670
45100
464630
265750
215280
451700
453780
459410
465020
503460
313830
601020
363670
877080
998930
859340
571340
383630
34270
445430
814380
501720
578890
358760
287140
448800
73210
574160
514310
889510
502800
1074080
696170
981770
411830
635850
386840
337150
503210
253940
449340
425670
522210
41070
41000
41010
272620
632900
704640
457210
556190
471010
920520
215770
272330
385560
398670
389160
433960
750920
418240
233130
324800
225160
294440
343800
2500
11200
427490
267750
421900
234650
300550
606330
506510
463860
340220
286360
378630
359940
585450
643820
425210
545850
448660
417730
305840
307050
102840
345820
253840
277890
398160
477180
336130
448020
448130
330580
288630
873150
305640
469710
470780
468310
326460
244710
275100
356040
758330
241260
350640
485730
359840
700520
310810
486380
632640
675680
366640
536420
597810
809890
675240
499910
496390
454700
277510
525360
511700
422250
342490
397570
473610
492800
373610
600450
415350
614950
666100
702810
506140
381120
684580
388360
701930
812040
372820
390090
562270
597230
510330
589510
250760
511750
359050
416370
665920
285050
326160
444590
560740
528720
537100
259510
533330
414070
332530
359560
594680
349710
341860
413870
244070
244090
8930
289070
65980
282210
427050
559030
348340
501930
321370
257770
380210
263200
314790
598600
321870
636360
446250
975470
595080
432170
598330
487530
397340
343090
312280
783190
324470
606730
465510
326180
603040
676420
340320
251970
204880
461640
393240
242880
362090
464620
841770
368720
625400
881420
384480
448780
508960
274620
551930
455590
446770
407630
599160
685400
635310
508410
524430
587210
245170
228960
630140
355050
667600
304910
576670
595430
336090
310760
569530
403850
457810
506590
510780
278460
414530
382140
361350
568180
949800
618200
367600
513620
238890
342190
369070
96900
578120
567290
583760
656600
480480
598060
525740
504770
646570
530390
285520
559500
559940
366210
742900
202170
538590
545360
252330
454230
462400
456660
433340
473530
489120
542340
354930
306350
333580
592300
618540
384100
235620
446540
412720
467930
218330
602220
1018850
386360
485500
262900
393860
592020
349760
559280
572240
576660
544330
357300
409440
508550
259410
388050
3700
238090
312660
63380
728740
227100
247910
591740
794580
244930
852480
590790
355430
586090
111100
448110
513590
260530
334620
348270
586190
347720
564710
519080
424210
518320
45000
351720
251910
363940
330680
340880
553340
284990
602080
239660
508630
528070
428510
463980
615670
591750
317280
528160
282140
587310
472690
351470
631920
645830
539400
264000
631490
397850
460700
333330
367080
567690
212480
637100
584400
444140
586750
592060
558780
446380
390730
241990
836760
627420
659190
501410
690530
279900
313020
471910
581230
586240
817660
460970
500420
528300
589860
466810
630100
383460
247140
816270
436480
488790
312430
547960
469890
297920
377570
244850
271570
397390
525150
371430
477310
564900
242570
317620
298900
816090
492230
580990
521940
744050
471400
535250
421710
548080
425340
589490
407830
429470
431710
439250
446640
107200
252470
487420
214730
503450
501220
437080
591010
364300
275670
355800
456130
533320
574070
592750
246090
92800
263860
380580
599510
372480
390680
1021070
436180
365860
453740
394540
488480
600630
388120
601770
530740
601810
477140
370550
253650
361190
550450
448000
632170
18300
447990
420360
346430
468670
746400
284930
251690
207140
522990
440790
353600
436350
245050
311290
817540
444620
626580
452230
360620
429680
629860
239350
363460
397040
485680
586430
486430
293960
1065970
454580
509110
528660
548230
263280
628850
99900
576730
352190
293920
618270
210170
312230
458170
281920
612160
444860
449450
297860
467810
589640
283230
593670
388450
372210
486500
577690
619930
884050
332360
311720
315610
297490
292240
283980
996580
576010
393380
526920
486350
334560
575680
517350
383560
513630
429700
334690
318430
115110
391640
302870
538660
374060
494580
519890
383330
212070
271260
485330
499420
337680
352960
485830
594720
338830
414950
609150
556770
501900
333340
282590
443460
933770
610310
503950
334270
335620
600750
527100
833360
1172380
46260
363510
211820
365850
318970
413150
381250
220660
252450
552880
389650
341530
360750
227680
458030
373440
550420
312960
336200
326060
250720
644200
354050
377690
236150
977720
419480
546180
623340
516950
525300
292330
372030
348180
457930
457010
408750
606800
533620
588090
339820
410820
263020
466660
380150
463210
576130
329430
437630
413680
405710
753230
345060
622420
455120
341070
512060
584890
209190
329380
450040
335010
530560
341160
253630
290870
361160
585360
622460
378810
252410
571310
322190
804010
286280
969680
919640
572410
563260
558620
387240
619700
391130
96200
404100
439420
460920
412830
825630
930910
970560
391070
207150
517330
446000
672860
281990
691630
347160
535890
821890
251830
550580
581710
514830
403570
1162680
429330
337290
1063490
727340
622530
588340
521230
405590
501880
253250
315920
373290
406310
412270
439190
231020
606750
463350
604190
790600
449240
440750
928520
442780
399140
515650
295250
385150
943260
312670
409890
1097800
627530
283000
508300
338130
341680
615550
407340
637310
252850
310950
209120
497180
292410
417910
346320
512900
295650
235210
339280
317040
507340
234160
209540
288370
246700
476360
745330
643880
402150
40960
47400
232890
40970
40950
47410
40980
546920
324750
501530
779290
242640
355790
322970
530820
327880
301860
264710
338640
521590
340490
785660
726990
373930
233350
436280
733070
610390
212110
538990
262240
303610
860860
410670
547210
525460
496930
423650
780280
379290
552970
535480
405960
304650
340730
358750
287600
847370
557890
371180
592200
545200
532190
463180
425300
336440
459150
262920
283080
463700
250280
581800
341550
361230
364690
798510
306000
463160
422870
485870
364770
345860
514220
535290
429200
221640
224820
628800
514890
271860
526370
440380
307270
327260
533150
393220
502210
40800
314070
391960
469730
486660
1061730
269110
438180
368680
1097880
1016960
311190
347480
501020
675630
542680
297660
422980
1031500
630160
384250
235250
695920
388500
466840
95000
503300
375120
580300
250700
116100
338330
385360
311870
262810
310700
349680
571530
404770
234000
322500
617830
543160
375290
496350
321400
813630
331760
336710
336730
244410
600280
314980
318260
584860
438080
233720
722180
355840
586130
307150
407000
534570
440730
340050
467950
418430
413290
464920
258050
331720
929010
410150
701870
407110
793350
539700
496680
532600
612110
300540
523730
585890
295730
622880
418610
295930
498470
359060
607890
342450
690140
326950
233700
411760
383720
679900
408400
363920
46500
46510
464340
252310
362160
362860
342100
629650
207750
540010
678920
393740
409320
342890
528230
485980
481180
238210
410710
395100
423220
280910
349530
286160
453710
385860
343860
416530
51100
400380
950370
517500
354400
462590
396660
511010
529760
719430
375520
244030
500440
491260
236510
570980
640150
485260
416250
461710
663380
206370
419590
530110
333390
429660
486480
259680
372360
540640
610560
339160
616040
733610
351970
328060
441250
247000
258200
358460
340520
359510
502380
628770
276730
585970
396320
465750
461720
603190
604500
620710
531520
444240
634200
514640
633460
369700
596650
371570
380360
440740
591680
567000
938220
603060
608530
365190
345200
687540
946010
445110
445070
568090
517370
552280
377600
363620
440
302850
504460
785260
577760
781480
307580
523740
340310
340300
371420
700740
389730
916100
234390
762830
373110
418180
436690
370020
440260
394290
449760
363180
704910
599880
323370
389300
212740
384150
547010
954740
368600
105600
285920
278640
299720
314210
636100
545950
249590
431120
235980
540190
572230
323060
383670
547310
697650
234940
420300
396710
628760
635410
395250
593200
586600
375710
354860
464490
230070
492280
568720
581600
355520
494440
382380
456180
364350
401360
375420
608990
532920
587690
373650
348650
581670
458940
426290
536770
907380
237990
281640
485460
490690
41900
566090
1091980
843260
455200
385840
463760
449440
409090
113200
250900
392730
349220
599080
80330
302010
347030
324390
788210
488500
277470
279940
424750
495120
204240
350740
481110
65930
546700
555260
560640
889600
283020
486550
657690
603260
253110
386900
492270
496440
242530
505090
288930
434420
610730
389400
339830
342090
625580
598980
319550
357010
677340
402630
600090
468780
356530
525190
403830
504310
287630
440880
302750
736570
449510
618640
604330
566060
297020
345430
868740
203830
345230
492530
939850
346950
617330
368390
245130
353700
567340
491250
420740
460960
400240
328940
351400
391160
351940
319970
268990
525040
357770
802870
495630
466800
94300
393150
412290
555980
506840
395420
463930
462950
375090
306130
72850
364470
498700
429610
368610
583470
715650
285480
298630
641990
388060
560730
268050
601430
739130
977570
413510
454250
545280
589480
290770
424170
622010
409450
510490
333740
572330
612510
300320
632070
597120
435530
488200
555150
522230
318600
270490
600290
260430
392280
670350
846110
345610
526140
403120
350020
526750
504490
293340
632290
345340
434800
341690
376490
464830
416610
601640
402040
332630
306200
291010
445170
680320
542260
510420
498040
325730
356730
303310
496750
306040
446990
416380
279720
215530
272470
359900
400170
441510
352640
619740
545540
489000
665090
562160
251430
613470
941650
331670
397460
434170
610180
774461
1005300
220090
579760
262850
385410
359420
400790
317370
373410
222420
222440
222940
571260
461350
341060
545700
299800
385310
568930
629430
702110
593560
374510
284390
402530
395860
491030
252710
273070
522570
611810
489460
407300
594160
461570
260160
605210
385060
630830
420770
555580
251150
251290
436670
538680
748490
527510
460160
460430
503830
437160
423590
362290
943980
375430
305620
366910
584990
509580
487180
455000
364890
291710
416260
453670
360890
603700
418150
323380
474820
474910
632880
313360
395480
327310
313080
580970
360940
464500
381100
447200
764790
416790
239220
569520
412540
870290
329830
574310
630310
359040
390940
400200
1055310
657040
473450
552570
447850
427860
230820
310070
696480
345920
245150
765880
516560
386700
601580
485220
501830
485340
425600
415010
625560
624270
402020
567680
27000
486180
715210
553480
463050
577410
378830
1010600
1128260
296240
553450
409100
428880
602940
790540
349320
265590
589780
358770
434780
502910
536430
396010
411590
409310
288160
456750
425580
592320
316840
585580
618340
560820
283180
741250
566190
495960
399890
437420
517360
574260
662190
354640
552590
498620
549850
511090
898650
2400
383790
252370
204080
501320
457760
476650
881690
356390
329950
458660
313630
702050
579330
536320
346420
450700
862480
562240
754850
311140
311120
565120
369560
629230
314570
636370
499960
507120
378540
644830
547910
231160
370670
516840
257510
387930
338390
454220
575940
205650
940680
314630
96000
340720
289480
377310
433100
584370
366670
320690
301150
443370
279640
499520
246580
406970
513230
349440
343810
352720
504560
598700
258520
400430
457880
37000
207610
746140
635070
530860
497730
660920
324740
340500
316970
311010
404960
352610
329240
268540
526160
867700
575960
972160
20920
292030
594950
507360
562680
755470
269030
393230
606230
378720
630020
319740
407290
449540
612100
644930
211260
294140
432150
239160
635390
331220
569860
573600
533690
539380
611320
804730
404690
695600
443810
785740
320090
655730
282070
521540
451920
461360
573260
510620
375580
291390
390570
344500
380020
577230
341570
595280
492830
973760
513340
389270
758370
368430
356400
343340
427550
389310
418440
411610
564810
636390
108200
534500
376920
356170
432260
321160
398710
500150
474830
313650
319320
350010
303910
545370
290650
625910
270010
420950
661040
340270
623550
368620
521210
486360
399430
311930
431280
205910
253350
945440
360380
629770
431230
751500
614630
1002560
637060
257080
587750
278620
398920
203210
475150
528260
453950
324710
574580
581680
618050
206440
509250
521630
316660
590950
368140
395160
516110
390220
201420
443380
1031440
687260
756530
320760
552910
587260
460930
359550
365590
625940
565860
575860
340360
203160
628920
293560
462990
494990
286000
501690
533710
200710
320820
248570
477720
500670
335000
557520
388960
522050
712100
325610
10500
4700
34030
214950
34330
779340
364360
594570
487330
501920
931500
845880
551730
363130
580420
530950
488680
461860
593700
844850
266110
617480
214360
251470
333660
546990
296280
462730
486540
938380
305010
486630
262120
346490
287260
392410
297410
576080
492240
528210
611850
735850
585420
342360
24010
738610
353640
602320
519980
592620
215450
647570
338930
335240
237930
350110
289930
374410
494670
468150
951000
375930
407150
444690
46540
600640
467760
589390
327520
695970
268770
828070
748300
508260
372000
369640
293660
440800
487160
435480
641080
581430
601930
470270
505140
271550
538510
588490
437920
668630
355560
512920
394030
451780
35700
35720
319910
690640
410560
209950
303260
628570
498320
327740
392000
315440
645260
451350
687920
57690
245620
492720
338530
460630
470310
304050
1051200
451660
440420
935580
495990
416630
521340
581760
575910
575400
393190
795160
626610
611040
521330
331340
269710
372350
636470
635900
263760
418070
528510
513780
538700
361280
595340
499340
428220
372250
556070
600340
486460
551670
454910
649580
464800
506760
528770
371330
535930
370200
7520
7530
626630
1930
411960
411970
411980
287840
589730
390460
573370
258890
434290
336240
609720
426210
362960
563570
429430
542240
404890
589220
357070
348840
442810
339000
385240
386940
468920
502520
306660
915460
586540
534200
341910
514490
566430
279160
45760
610130
619610
219190
331580
421180
390340
384690
384700
639490
406550
550340
574640
336140
512300
359580
1113780
317110
284100
588420
339910
370100
714050
591080
332390
567030
452510
607090
454930
432240
377100
497040
391540
473050
692840
263680
428590
605310
439720
233980
587590
506870
377550
388680
501790
747340
489220
535760
408900
340800
444170
552350
889770
249330
633440
357600
604570
72200
443940
621940
321270
389010
446270
470220
13230
351700
292400
780350
429830
417060
439310
304930
375210
613190
465360
586960
719730
352550
300200
471380
243450
397760
292630
414580
397700
338710
365980
603020
405000
447530
726830
337980
359670
488220
252030
438430
351910
260230
612810
368250
790820
294860
550080
378610
585680
904380
414660
386160
1096410
328780
427290
262150
491510
460810
629690
345440
460060
533120
555830
248970
425860
419090
242130
600350
629410
516920
459780
317710
337180
244890
619230
386280
338140
384960
501310
437690
627570
351240
730050
449210
242860
400740
371220
367010
471330
467990
313390
410440
517480
473500
556440
404660
300220
345180
42960
298480
264120
355370
470600
336080
545600
325930
404590
562300
296730
550990
727090
601280
412460
263540
527250
507400
333760
595010
592360
257830
397600
374030
920320
496490
515260
448090
246900
586380
291270
295850
545690
269530
753360
503710
716330
377970
444550
391170
727510
445600
529360
611770
440660
324260
513190
354030
247240
512160
375760
290280
365770
392600
502770
545980
357890
252770
345120
395300
454150
344040
533640
364790
605110
553150
535750
527540
489160
616890
595300
494810
509170
588560
341390
635590
70300
536450
582530
575480
443650
347730
233530
215080
367910
367930
367950
568470
387100
431960
493280
422110
386490
293280
477910
434860
545820
240620
211580
530320
759540
451670
527800
230190
622700
345460
424030
263400
301920
301930
42160
234530
767560
630030
486840
322900
556820
650440
338310
291480
585030
468250
230410
412210
222750
251060
607050
312370
4570
15620
285190
394450
375230
489630
527430
1042800
673880
322910
502370
55150
553210
326670
440330
774241
235540
552500
203630
205990
628330
330270
838330
433280
253510
391460
718790
600150
282680
610190
515690
831560
466420
582330
341040
1026420
392580
320590
659540
326360
562500
451230
371100
327510
240760
404730
457440
243470
530010
580520
445550
512420
316370
204180
532170
107600
562260
373730
581720
625680
427510
312780
551110
585950
619310
559260
264160
414330
395570
320240
307110
332540
865360
677160
683830
373600
599460
385400
456690
637930
500220
572570
361970
617700
622720
490870
406780
611750
432720
528430
933450
488950
564720
597220
416060
275200
576980
562710
603370
377360
1008710
501300
527340
550670
432020
605500
734550
508740
548330
563520
638000
521580
576110
447120
470450
423610
531860
619150
552130
326730
288060
505760
631570
581700
466130
428630
503350
293860
633370
359400
331710
354850
465130
418300
321260
389510
545960
330110
585910
392820
493450
748480
500710
842150
338630
311840
337970
304350
306480
307930
307920
307770
307900
287200
376570
307210
503960
588040
610500
331570
397090
380770
594130
576260
326410
577740
473620
470300
339250
331390
361790
318530
320840
803220
428920
526580
723330
485350
72900
392370
367140
434010
486490
1133770
661790
559650
568830
437020
577000
800200
473650
516230
398980
366600
445980
350710
207420
494320
636960
315110
437090
485420
822930
448160
431180
340570
426010
508820
523810
543260
598640
384120
658620
430190
433790
513570
259830
495350
299460
878420
281940
574630
574620
602930
335790
563750
269250
368160
527190
560180
560750
251890
552700
421960
262410
598480
444200
790710
552990
530020
254100
254080
432010
322780
265970
434300
233840
200170
327030
270910
450030
253610
458520
354160
458770
621830
664750
633350
587180
705450
400630
366220
705810
473640
473580
370070
263960
2870
570420
448060
7510
408410
337940
392160
312560
580150
447960
268500
200510
587710
381910
223830
573780
460220
298280
534780
364250
299400
360030
560050
399240
439730
589270
454170
696590
638970
834530
927380
527740
369040
372150
319280
633930
340820
486820
465280
411740
270550
674750
604810
334940
625980
477870
450050
580200
602430
360830
846870
340470
502240
290890
588050
459640
610810
416030
653950
428690
569210
412490
223810
223870
207350
587100
312540
579180
587110
207320
601510
480650
352810
774811
597760
321950
275530
872680
275510
466890
444930
234290
653940
564040
819020
572180
427910
437520
855630
592660
628490
461840
22200
215690
519990
477740
311240
18820
403700
567890
809020
488460
423270
527570
259430
308420
533660
433110
516500
555710
262190
339230
612020
492490
301640
581970
516700
503410
473970
220820
398890
263920
342300
582350
380700
416680
412860
449090
384500
458510
215550
360400
311850
623160
623170
623180
252270
337480
429060
366890
565340
467460
306830
297450
403230
456810
508140
518730
664830
518660
868260
312900
613880
283450
397430
343280
591950
458600
459510
513650
502020
533300
562220
575640
591420
645090
566160
658560
799070
601220
617670
508900
610360
658550
427680
427700
507520
729030
885140
466860
495010
878380
850910
681810
696360
377530
650760
616740
578440
542700
570780
570770
994730
629960
562470
882790
1089630
779640
836640
859150
621000
836480
554640
695630
654260
1069230
882710
1031480
873290
776490
1025070
590910
880950
1094530
992740
1000080
490390
378790
724970
1083210
491420
895920
427030
1161190
998940
710130
985080
905690
678560
576960
562280
493790
674850
504090
367990
619210
717610
591390
603870
538330
522070
365110
432080
431700
431950
820610
391910
567590
584940
432790
611390
492860
842120
626810
466160
575800
537760
523970
578010
455080
497790
454370
1129220
437510
591090
632800
555340
384230
510710
556200
599580
346120
453220
763340
342660
432130
545890
443890
591130
965480
815450
504850
599670
264440
1016760
580880
449100
607230
650570
543440
473920
636070
299090
592400
538390
543410
448870
377200
604920
620350
646330
527150
408860
990030
540780
623070
427470
1020270
632250
793450
513920
553470
403680
578190
421620
960170
598880
554710
497880
371380
563680
916160
506980
438330
479990
461790
556840
422300
340140
593540
596080
604510
867050
840260
664250
1055990
594210
503090
588440
552690
630550
536670
664380
341580
548470
793680
630460
602560
1087270
254940
245550
608190
352790
508330
611080
102810
616610
577910
611630
465970
582820
543070
603110
544400
486940
556850
408880
1148510
1183970
958740
512370
1066030
545450
555600
376910
365290
432380
423730
650750
532470
789950
876740
618990
608610
1185160
611690
774441
625630
611710
842140
361680
592480
586230
500760
618210
724470
533050
1013750
744260
449770
873890
537020
792710
585820
381620
596600
400280
549910
626640
617970
392620
896460
577360
527260
607160
356090
689700
676910
557850
628450
638060
381340
446100
503280
299380
403030
380180
1040070
546870
516940
956060
338290
720590
348570
368020
463120
713380
498000
1080750
467690
514700
438560
394950
436070
563410
532690
673850
463510
617020
452180
605490
598410
499140
547250
1102990
466030
593730
515000
590570
464190
538550
567860
334360
895420
682080
610410
804850
523880
618350
572620
520370
355910
543580
435260
560150
560600
754500
384590
270230
809440
571660
447190
1188000
507500
814030
534230
603840
473490
503130
391150
638780
618370
869060
760810
438260
724390
545750
1059150
628320
619480
554690
542220
603470
596260
504470
533960
620330
629640
505070
594000
598730
651340
496960
467470
403070
577180
560870
601520
619320
666820
690460
577160
390040
270030
582370
834800
528970
437010
546330
561230
502720
863590
523890
564950
501440
383940
303700
245070
517460
540770
480730
750420
629420
497870
370330
552400
506090
503490
1060670
603280
461510
568150
438780
532980
1027250
340840
521300
385580
291840
453030
568920
505270
622540
502530
585570
515980
393550
550370
504110
610980
532070
589100
502600
529630
488260
1004860
566020
762800
1195670
991980
632590
622910
427950
553020
611620
515060
453900
296790
554280
611970
629240
630130
599900
993690
541960
603920
601110
578990
604230
639770
453320
342910
485290
539560
522710
616580
777770
445730
491350
637920
637940
522900
631960
939700
419020
450630
619270
761910
543910
1103800
504690
500090
290850
464260
899390
286100
1087720
520080
538900
508620
496540
965820
1159520
830980
1163590
1217390
1138100
512890
856990
676500
1190110
581310
297190
674520
1037020
948640
994140
872410
1116230
1094000
1159640
1129030
1098340
1149660
1191210
1126290
1031510
488960
705740
887720
1172940
1066260
1062340
1022710
1211360
1215260
952420
665030
1049100
1006400
726000
1126320
1146630
943140
1144400
1189440
1103490
520540
950700
1057540
897930
1119710
780290
1192640
1089830
1150080
1007400
718590
1167450
369530
777130
1153430
1100420
1097790
864680
968820
1159500
1157640
1100410
1147550
809230
1045720
915670
1161650
589290
814530
914800
999020
897220
281080
875800
673800
1102130
1056510
1069740
1130620
974910
391920
1183260
1116210
407130
685680
1192610
1215200
1064130
782330
1150550
1004770
1122120
1224160
434190
1141570
703730
1026160
397540
952040
823910
1083820
359970
495420
1090630
400080
1106860
1127610
1173550
757300
1060220
998340
524910
445220
817840
302810
1061490
1233710
991270
1212620
1140290
926340
692930
945710
811890
1166290
1154110
1209330
1202310
1174500
754150
942930
682450
813450
465200
589500
945160
1106530
614450
616830
793460
944020
1001980
1025140
410900
862570
998490
1118200
1207780
1078200
917840
1032590
1084480
996770
523660
1054050
1129310
955320
1161490
1149440
851850
924980
1016770
846030
1127190
1110690
838630
926860
1140440
1104380
923970
820020
1221540
1234520
600520
1215320
543040
815370
1200720
1000030
375820
1189800
1151340
1086640
792100
1198450
1074170
334310
952070
1196690
978520
1100260
1060210
610370
1171310
22000
221260
1100830
952060
663210
441440
609420
307880
1224020
1202540
1027620
704510
1110380
1004490
510430
1071870
1156590
960690
1115690
1150640
590720
1144250
558420
1257410
1237970
1262560
1164000
753640
1238060
1222700
1222670
840370
17390
1083310
822830
578820
475090
851280
1225070
604990
939600
1210110
1175360
1113000
304690
465100
24960
17450
638230
1238840
1238880
1238810
1238000
1238820
1237980
1237950
1238860
493520
1293230
17410
1262240
963280
715380
1213210
538810
574980
1222680
1222690
1238080
1262540
1233570
1225590
1262600
1238040
1225570
1225560
1225580
1178400
1290220
775580
1172620
605800
676630
937850
993790
1051960
554980
527700
1170610
1098170
1097530
1271710
1285160
823840
1144440
625340
1157340
1284820
809050
906100
970400
1117380
944220
1102190
960190
290690
954080
1041920
1284410
1011420
968870
1057090
978870
261510
383840
1256690
1150720
1096720
965010
510740
1223750
1205950
1126750
1280260
1150950
1093910
1290070
602070
953900
969990
1299120
17470
47780
1212020
1184990
915490
979640
930620
1162070
953490
1077520
1158470
1292630
1106840
1184840
854860
453500
1036370
978780
1233550
1223500
1257360
1133930
431940
1009290
923260
1274300
975120
894940
1042170
809210
908050
332880
922710
992300
905370
1174690
610900
1262580
539330
727850
1101270
593600
1011070
1065180
1150890
440640
1243420
1153700
485890
602960
1004610
362400
665590
523230
746850
1073320
632840
656350
628670
1243220
1210150
962130
1101360
1058530
788100
1107790
837400
826940
667870
1240210
975510
1226530
1067540
1293820
1286830
349730
744900
1168430
355680
1208770
882670
1213750
1287000
1150730
1252710
803330
1360980
1347430
798490
1156990
432210
880220
875310
1266220
1127070
1183470
678030
628900
1244950
925570
564520
1328660
607210
383740
541920
1264250
1222040
1145960
1123830
503320
834760
1367550
1292940
1434480
1186640
1172470
1245540
1098370
1359650
895620
1309860
1249800
1330890
1152090
711540
1375870
496640
1146310
1353900
1124050
717560
701380
962630
1172450
858260
1154040
1139900
1238730
1194630
864160
1343400
585940
1266800
753590
1119600
998740
971690
578650
552660
1209360
1014050
257420
1176710
591760
795760
1049590
725120
402940
839870
1399370
401760
1142390
933110
773740
557030
1119700
816430
254370
1158310
760650
1322310
473950
904400
604770
951750
454830
1306730
1212400
1232460
1377360
1227530
1283190
550320
1034850
1082680
970830
427830
615690
1160220
508710
1222730
982400
794960
1310910
1155880
1000010
1332620
810640
1259980
418530
1172050
1410710
1226640
913060
1146970
304430
1086860
398590
754120
1233900
760080
1054490
794240
1016920
1199370
895480
1168660
1385730
1024650
1085160
1052990
933070
725480
1186460
973220
1100110
1213700
567080
1284540
1145360
1254620
1334590
1250250
1233880
1138080
1206430
965680
1154810
1149550
658590
1150460
1201830
1336160
1263160
1387290
1245430
1285560
651670
566440
949600
1041720
911430
459910
1094820
951430
1230140
356030
557420
997070
1212830
940710
1296770
788630
1045580
958400
1047010
1024480
1200330
991810
870780
1287590
719040
912570
1103860
1191940
1290170
1035560
1006930
1195320
505630
1285670
481510
1326000
906510
1140570
1247190
1233800
1179210
938560
1219950
1296260
907760
931560
521430
576480
548720
268650
514360
718650
949290
587970
1263370
612570
739080
682140
977230
1239050
1035930
1049410
1243960
924070
1194700
1263850
1158420
1271300
1129580
1135260
1336120
615700
1144020
1126890
332070
1299370
965200
967390
562350
765810
1405660
1178790
1234620
952240
1267910
648660
1454890
1285080
1012900
604540
1066630
1369340
1279630
1158970
838110
1356670
1243530
1091500
702680
1442160
1378070
1157560
1061180
1295510
1276540
1126310
1341170
1116580
904520
1263990
1402320
866140
833170
393280
850320
851180
570950
1433420
1186600
790060
1343670
1173200
1277510
526980
1087280
539290
857200
539270
539300
539280
1231290
1361180
1075200
225080
682990
760410
1182830
796940
1070710
1051410
466170
1147560
1176110
1406020
1039480
1270210
1116780
1359090
1227890
1260820
1353300
774861
1238330
811070
1236720
888530
650330
1357830
1277930
845490
380560
983970
785790
1464930
399420
1351370
346670
1431570
1169740
1005410
1232180
1325200
1377550
457140
601840
1353270
1270100
1238680
665370
1406990
1079310
1239260
1258080
803050
761350
356880
1337590
1330190
1429670
1120810
1007810
1348700
1455220
355020
346390
1328530
1229380
1476520
1240550
1393500
551500
933820
1249780
1211110
1101190
465190
1328900
462680
768450
7800
1363840
1260390
1077410
485130
1471200
986280
1220140
1262930
1233170
652410
380680
1304340
1282730
1342620
756880
590510
907650
1437050
944340
1293830
1373320
1502080
428910
1342890
1372300
1425730
1084640
762840
503900
1334000
965670
859350
651150
1396980
720560
1342050
1098270
1424710
531920
1147490
1528130
1518770
1356530
1420740
542880
612040
1257200
787810
1343370
1230560
1292040
1123770
1487430
1382330
1393820
1035510
1379560
809850
1150090
839670
686770
1392060
1361320
1234940
1085750
512410
1230800
1507720
632050
1028570
606980
622980
1012030
1241040
1108370
1101580
860510
892550
1205960
1359470
566560
972660
979120
598740
1268110
1073810
1331910
771240
880130
563550
1476340
1132970
1252560
762480
1015080
1144910
642580
618010
1345740
1069030
1469910
1354910
1325380
1078350
679270
1399930
1337890
1021770
1040230
420560
839770
1092660
1307670
1101260
1385110
1237040
787970
1205450
1111030
1451160
427940
1477770
1335790
400750
1196470
1342260
1414180
1580790
1580780
1369760
1256670
1068360
1496320
1211830
1420290
1420300
1335800
288080
869170
1551510
1454050
1546010
1515230
1483870
1005120
1386870
346820
1375400
1251300
1222370
1470310
1218500
795420
1421250
1571170
1013320
1514370
1497950
1259640
597820
1418870
1586880
1233590
1379870
1444350
629820
1167140
1135830
1515950
1253860
1031170
1301210
1037190
1042380
1413480
1092400
1271850
1056610
1480340
1184890
1219620
1063580
1465360
1038370
1334010
978460
1073910
1038300
1221800
979070
1328670
1373550
1373510
848450
1106750
598550
911510
1395560
1253580
578590
1316560
1456650
1268960
1037910
1222340
927350
1196600
593640
1196590
1585540
789090
1442820
1035120
1199030
1418430
1274570
1270930
661130
536750
1447000
1271400
1436590
1421760
668550
804870
1082930
1266890
1546860
578540
1037130
820540
1272160
1113560
1405470
1243890
1064200
700600
1394100
1157750
942990
1198090
1123050
979690
1538570
1190000
783940
1436810
1311070
1386780
1409730
1607280
1218900
1003120
1297330
1082430
1279280
761830
803150
860650
326990
1349120
1384380
953880
1369520
1430030
1418970
1514360
48000
1258480
1259790
338840
1140270
1399840
1295270
599610
1071220
637330
944920
1042960
1289810
840390
1105500
1088710
1235140
694280
1105510
990260
1341050
1009560
1426210
1504020
680420
1388590
1191630
1458100
1096100
1422420
1409770
1459960
1435670
1173790
1173780
1588380
1292690
1173770
1141550
776960
11190
11140
209230
337320
1410360
1623420
1016800
1158850
1407200
1591530
1357840
1550510
976420
1399780
1040420
837460
1108590
1253710
1213230
1122690
1254120
1666510
1127500
1432650
1450180
1524650
1623880
1075740
1303660
1236780
1381850
976500
986350
806530
1266820
992730
1477790
825320
1466690
894020
1250060
915600
874400
1125480
1393350
1260670
656610
664000
1277400
1202690
1408260
1435780
1351630
1418100
579720
1545450
1069390
1569590
1342100
730390
1211020
1299620
1478650
768520
1310990
1508170
1522820
1177380
1427860
978300
962580
1407210
841350
1390600
1605010
1543080
1269950
860910
981890
1095120
1270620
584760
1369630
825300
469600
1277940
968760
1508680
313700
1142710
1444300
266310
629000
1358530
1367300
1608290
1574580
1388230
1151120
976700
701160
1798780
1361400
1788780
1264970
882560
987840
1341200
1762270
1257860
866010
1593500
1086850
1043340
1770390
632130
1740000
1446780
1380420
1072120
1547160
1619750
743380
1184160
1566060
713530
948900
1700550
924970
1250760
1592520
1556650
1124660
1597280
1797300
1431780
891360
1203420
1517960
1801650
679190
863460
680030
1140170
1069640
1631790
1324780
745740
1543030
1406850
1543240
486020
1239300
1299480
1724050
1432050
1733880
1272320
944180
1793840
900040
374190
681640
1265920
1265930
1000700
1413980
1715130
1496250
1046400
833140
1028350
968970
615120
893680
1337100
1111460
1595710
1731720
1721530
1217060
1394930
1462650
1076750
1298080
1558510
1259420
1604000
976890
1509230
637050
1709210
1162700
780310
1194590
960910
1490890
1222140
699130
1227690
658690
960990
777160
1065940
1735980
1092790
1451080
1182620
830370
1574250
1142080
981430
1276660
1178230
1131920
1342040
1455660
1164050
1309820
1505620
252890
990630
1158940
11050
1203930
1611300
1394500
658150
1480370
1735420
474240
11040
209630
829280
584640
1055850
1659800
1393370
1316910
1271700
1254900
1069690
1292020
226280
959880
774171
1611460
223850
1203710
1550760
1062830
944250
1145340
1672970
628720
925950
1553890
1184370
1136910
1599880
839080
1096530
1183580
1634150
1335230
1392960
335210
1249260
1486630
1674890
1340640
1158370
1005400
977880
1139940
961010
1462570
740130
776340
936790
1229460
1281590
1433010
491280
848030
1504500
1173800
1303950
768180
710950
373480
1279270
1571440
1135300
1075550
1158220
1124300
790850
1446650
1371480
275850
976590
1306720
1520380
1535610
1139280
1346010
1416230
1122680
1170060
879000
365400
1466640
1094730
1062140
1097200
968550
1054430
1293180
1638220
892990
1385100
1532770
674930
904750
1647190
364210
949200
994340
1792250
1854980
1716940
1247100
1551520
1203220
1802720
778150
1033080
1110910
645320
1020800
1449510
1739000
1092140
1286280
1329510
1507780
1679870
1433860
730430
1336600
1394810
1547890
1639610
812160
917720
1510580
1025960
521620
1407420
1597730
1554220
1173370
1197220
342080
1279260
1685460
1579380
1731270
1433340
1684170
485400
1133060
1546790
1610470
1630920
600200
1277500
602880
1709500
930210
351290
1283410
1580240
1472560
1076620
1333910
1186270
395270
1414000
1656240
1493760
1191120
1609160
1325900
885810
1151450
1248130
1517290
1492680
1422430
1413970
1441840
1137300
1584090
1206060
1173810
1389610
1398070
1135810
1580800
1586960
666020
838410
1301950
1042920
1732740
1569040
1163740
562860
805590
1244460
846770
1731520
1380220
1594090
842180
1726190
1359120
1551360
824600
567980
1121780
628940
761010
1089930
1738610
1585440
1329540
1246250
1159560
1113570
852090
1586350
1418760
661430
1480560
898750
1549060
1263230
1033950
1340160
1465510
1088850
971030
1135690
1071130
1490610
1636420
1435790
1642620
617980
1287840
1590750
1273260
1307090
860890
975950
1498570
1705520
1624380
957710
1849000
1737100
424870
1349040
963330
1611910
1603410
1539620
1370050
1608700
1389550
1846920
871570
1491490
1451940
1307710
985830
1174640
1298480
1413960
1173820
843380
924780
1371720
1413990
1094660
1035990
1755300
1595290
1058800
1861290
874390
1070790
596990
1484720
1761390
1858500
1605220
1944250
1561890
982290
856610
1571220
1193590
1799380
1398740
1138660
1913490
1057800
1119980
597090
1323470
1612780
546790
1146170
867290
1036890
561660
1223870
1273750
1432910
1706850
1453790
1122730
1610460
1372530
618000
915230
1660280
1232130
1404850
933860
1651960
515960
1659040
1420080
1829650
1258710
1767560
1635980
1029690
1172650
1109130
597180
1453850
893720
1576370
334540
951860
1767570
1413370
1621690
1590910
814370
1320100
1602010
1266690
1037120
889750
843810
1601280
873490
1808780
619390
1158890
1342060
1702260
1187840
1732070
1239690
1575870
1210230
1607130
685670
1802860
1688580
1245620
1484620
1733890
1373950
1644490
1364100
1125910
1240480
1786790
1732060
674140
1253920
1148560
1739010
1226510
1213220
1157390
1555110
1515260
972010
1133760
1570070
1449850
1108750
632360
1231950
1000770
1514380
1768640
1659210
1567440
1564560
1647940
1591290
1334700
1477330
809140
1161580
1890520
1323900
1943760
1919460
1836860
1461630
607030
461370
615680
1519790
1455840
1684670
1288610
1615290
1886630
524030
681530
418000
1220010
503680
1881140
864300
1580150
1853200
412880
1847990
792650
1220840
1839700
1390350
1035660
1709400
1499240
1901370
789660
770410
502400
1525420
1059230
1826570
1115050
351160
1497450
1587560
896440
1184810
1577320
1495000
1096730
1731240
1736840
1404660
1058280
1265240
1844140
1949190
1679320
1524530
1980350
1332010
1702330
1719460
1933740
1879330
1679700
1660290
1345760
1039360
1978610
1730680
993110
1424300
1676380
594350
597060
1590730
1430420
1917450
872570
1955330
1640320
1673630
1383250
1749750
1883260
1303050
1231880
1570980
1523370
1313140
1342070
1650550
1065520
1685750
1332990
1074070
1410640
1948280
1577620
1581180
749960
1597290
1012790
938860
1051950
1254670
1403020
1906020
1251930
1776970
648800
1120320
1846170
1937620
1469620
1462040
1237530
2021850
1449200
1361510
1021100
1843940
1414250
1533420
1390190
893850
1824220
1682050
499460
1512480
1419750
1216710
1167170
1282410
615530
1274710
1969080
2004490
1925320
1767170
1770550
956030
1151440
1216490
1410980
1122700
1992370
1944570
1785000
1271100
889910
1931440
1649080
1952760
1770380
891870
1812090
1310510
1985770
871980
1210550
1907720
1710580
1999360
1094540
867960
1608550
1087760
1384330
1968820
1678140
1904860
628580
1782330
1635590
1455070
1739880
1600780
1691970
1411740
1591150
587520
1715980
1013220
1336980
1986840
1755910
391120
687850
703940
1239320
1273400
1097210
1372110
1481080
1811040
1866420
1836420
1866430
1350650
1659600
1148760
1407090
789830
1575640
1342410
1407100
2015080
1288320
1777620
1708520
799640
1360720
1599020
494430
1595030
1201630
824550
802890
802880
889710
1921340
1352200
2082170
1736360
1480120
1424330
1907900
782250
864700
1136370
787510
2066360
1388870
1247290
935560
1385380
1322100
420210
1329600
557970
493820
1446850
1456200
601590
1266840
1944240
1383740
968250
1726120
841190
935400
347660
1218210
642650
945360
261550
1587540
1573630
1483100
733300
707030
1054710
943370
1668690
1525660
1252330
1694960
1636660
1182310
1980530
2119110
2018130
1290000
1972710
322450
1138650
745920
1960590
757310
865680
739630
2165610
1182110
1605320
1620540
1094920
1466860
1725640
1170080
1414650
1733060
1492070
2058180
1080020
1754860
1716170
2096600
1515210
1532460
1131410
1933650
1506440
429720
2096610
1464380
1502190
1594460
1916970
1898290
1350200
1364210
1611430
1859290
2084820
1812060
953690
1734320
1863670
1748660
966630
1967510
1491340
1828690
1743080
1391530
1272010
1850510
1567020
1477700
1718910
1609010
1547860
1731070
1697700
1622780
1156380
1668510
2062210
2116850
529340
1874490
2091160
2058190
1567800
1324340
2119940
1961950
1744330
2070550
2109640
1237730
1065310
1956600
1182900
1179080
1358750
1582180
1993200
1894080
1276760
1403310
2050680
1817000
1750200
1343240
1541790
1487270
1399080
1934800
1631350
1198850
1776380
949480
1266700
1569200
1378890
1072190
1451090
1761290
1611420
1963210
1498120
1286330
2074800
1998330
1237320
1785910
1816300
1492730
1897050
1947750
844670
595500
1931690
1890740
1901340
1647550
1919740
1617270
1687950
1950570
1967320
1132180
1359920
1872680
959860
513910
1968430
1288410
1924810
546120
1138440
2175390
1155330
1983850
575660
582210
409340
399790
407230
341310
562730
400510
347560
596870
555660
512250
523150
473670
416080
344910
70110
581030
396360
407020
323720
96100
806140
1490130
432410
484830
586320
546400
546340
497050
338960
577460
1198730
1549030
2155600
1297790
1996210
2173900
1399670
1591450
1726760
1482750
1537910
1428820
1329500
1336490
1944060
2196420
2209680
1425250
1930640
1126600
1897120
2178420
1386730
1665190
763770
1768280
2163590
2138510
1460220
2022180
1954200
1608070
1031460
1773180
1677770
1765520
1153210
2089350
2206340
858630
975370
1047870
534380
1578650
378850
1637320
1559390
1532690
1911800
1677090
1575470
1295500
2085360
1593780
1392340
2243720
312520
2055500
1201230
757350
1782120
1610500
1948450
509310
2179630
1269690
1867530
394690
694370
1155660
2185770
736820
1296610
1314000
1193090
1531490
1394550
1016180
1777430
2163060
1793030
1360390
1324530
1307690
1374480
1044450
569430
438820
1262060
764010
